Language,Title
